321100046
321100084
321100088
321100110
321100112
321100122
321100125
321100190
321100203
321100209
321100235
321100237_2
321100245
321100249
321100256
321100267
321100268
321100302
321100307
321100319
321400081
321400119
321400144
321400145
321400146
321400147
321400173
321400177
321400178
321400202
321400205
321400211
321400212
321400221
321400222
321400232_2
321400233
321400241
321400264
321400270
321400278
321400280
321400293
321400294
321400296_2
321400297
321400311
321400317_2
321400320
321400323_2
322100035
